{
    "camera_angle_x": 3.002926386213376,
    "camera_angle_y": 3.0635073536794595,
    "fl_x": 25.0,
    "fl_y": 25.0,
    "k1": 0,
    "k2": 0,
    "p1": 0,
    "p2": 0,
    "cx": 360.0,
    "cy": 640.0,
    "w": 720.0,
    "h": 1280.0,
    "aabb_scale": 4,
    "frames": [
        {
            "file_path": "images/0000.png",
            "sharpness": 6.878548176023692,
            "transform_matrix": [
                [
                    -0.4999999011979382,
                    -0.8660254261757927,
                    -2.4679181029159837e-08,
                    -0.6062177909193005
                ],
                [
                    0.6123724338565683,
                    -0.3535533248172958,
                    0.7071067773708988,
                    -0.45961936058337666
                ],
                [
                    -0.6123724692011775,
                    0.3535533249289437,
                    0.7071067767152884,
                    0.0353552944356741
                ],
                [
                    0.0,
                    0.0,
                    0.0,
                    1.0
                ]
            ]
        },
        {
            "file_path": "images/0001.png",
            "sharpness": 6.993148868815105,
            "transform_matrix": [
                [
                    -0.4999999011979382,
                    -0.8660254261757927,
                    -2.4679181029159837e-08,
                    -0.2847156960818724
                ],
                [
                    0.6123724338565683,
                    -0.3535533248172958,
                    0.7071067773708988,
                    -0.6643139268196774
                ],
                [
                    -0.6123724692011775,
                    0.3535533249289437,
                    0.7071067767152884,
                    0.24004987519957685
                ],
                [
                    0.0,
                    0.0,
                    0.0,
                    1.0
                ]
            ]
        },
        {
            "file_path": "images/0002.png",
            "sharpness": 6.932814668613011,
            "transform_matrix": [
                [
                    -0.4999999011979382,
                    -0.8660254261757927,
                    -2.4679181029159837e-08,
                    0.14553812035622823
                ],
                [
                    0.6123724338565683,
                    -0.3535533248172958,
                    0.7071067773708988,
                    -0.6962903787948552
                ],
                [
                    -0.6123724692011775,
                    0.3535533249289437,
                    0.7071067767152884,
                    0.27202633612345456
                ],
                [
                    0.0,
                    0.0,
                    0.0,
                    1.0
                ]
            ]
        },
        {
            "file_path": "images/0003.png",
            "sharpness": 6.691137151251895,
            "transform_matrix": [
                [
                    -0.4999999011979382,
                    -0.8660254261757927,
                    -2.4679181029159837e-08,
                    0.5202013243050052
                ],
                [
                    0.6123724338565683,
                    -0.3535533248172958,
                    0.7071067773708988,
                    -0.543334798694021
                ],
                [
                    -0.6123724692011775,
                    0.3535533249289437,
                    0.7071067767152884,
                    0.11907075597431872
                ],
                [
                    0.0,
                    0.0,
                    0.0,
                    1.0
                ]
            ]
        },
        {
            "file_path": "images/0004.png",
            "sharpness": 8.552763671252169,
            "transform_matrix": [
                [
                    -0.4999999011979382,
                    -0.8660254261757927,
                    -2.4679181029159837e-08,
                    0.6961653061899594
                ],
                [
                    0.6123724338565683,
                    -0.3535533248172958,
                    0.7071067773708988,
                    -0.2638710193467361
                ],
                [
                    -0.6123724692011775,
                    0.3535533249289437,
                    0.7071067767152884,
                    -0.16039303239981953
                ],
                [
                    0.0,
                    0.0,
                    0.0,
                    1.0
                ]
            ]
        },
        {
            "file_path": "images/0005.png",
            "sharpness": 6.7634157978152025,
            "transform_matrix": [
                [
                    -0.4999999011979382,
                    -0.8660254261757927,
                    -2.4679181029159837e-08,
                    0.6062178057268093
                ],
                [
                    0.6123724338565683,
                    -0.3535533248172958,
                    0.7071067773708988,
                    0.03535529416083736
                ],
                [
                    -0.6123724692011775,
                    0.3535533249289437,
                    0.7071067767152884,
                    -0.4596193604648471
                ],
                [
                    0.0,
                    0.0,
                    0.0,
                    1.0
                ]
            ]
        },
        {
            "file_path": "images/0006.png",
            "sharpness": 6.8021896686130106,
            "transform_matrix": [
                [
                    -0.4999999011979382,
                    -0.8660254261757927,
                    -2.4679181029159837e-08,
                    0.2847157108893811
                ],
                [
                    0.6123724338565683,
                    -0.3535533248172958,
                    0.7071067773708988,
                    0.24004986039713821
                ],
                [
                    -0.6123724692011775,
                    0.3535533249289437,
                    0.7071067767152884,
                    -0.6643139412287499
                ],
                [
                    0.0,
                    0.0,
                    0.0,
                    1.0
                ]
            ]
        },
        {
            "file_path": "images/0007.png",
            "sharpness": 6.99642686452866,
            "transform_matrix": [
                [
                    -0.4999999011979382,
                    -0.8660254261757927,
                    -2.4679181029159837e-08,
                    -0.14553810554871954
                ],
                [
                    0.6123724338565683,
                    -0.3535533248172958,
                    0.7071067773708988,
                    0.2720263123723161
                ],
                [
                    -0.6123724692011775,
                    0.3535533249289437,
                    0.7071067767152884,
                    -0.6962904021526275
                ],
                [
                    0.0,
                    0.0,
                    0.0,
                    1.0
                ]
            ]
        },
        {
            "file_path": "images/0008.png",
            "sharpness": 8.928170571390789,
            "transform_matrix": [
                [
                    -0.4999999011979382,
                    -0.8660254261757927,
                    -2.4679181029159837e-08,
                    -0.5202013094974964
                ],
                [
                    0.6123724338565683,
                    -0.3535533248172958,
                    0.7071067773708988,
                    0.11907073227148171
                ],
                [
                    -0.6123724692011775,
                    0.3535533249289437,
                    0.7071067767152884,
                    -0.5433348220034918
                ],
                [
                    0.0,
                    0.0,
                    0.0,
                    1.0
                ]
            ]
        },
        {
            "file_path": "images/0009.png",
            "sharpness": 6.4157031234741195,
            "transform_matrix": [
                [
                    -0.4999999011979382,
                    -0.8660254261757927,
                    -2.4679181029159837e-08,
                    -0.6961652913824508
                ],
                [
                    0.6123724338565683,
                    -0.3535533248172958,
                    0.7071067773708988,
                    -0.1603930470758031
                ],
                [
                    -0.6123724692011775,
                    0.3535533249289437,
                    0.7071067767152884,
                    -0.26387103362935355
                ],
                [
                    0.0,
                    0.0,
                    0.0,
                    1.0
                ]
            ]
        },
        {
            "file_path": "images/0100.png",
            "sharpness": 6.810651036222482,
            "transform_matrix": [
                [
                    -0.4999999011979382,
                    -0.8660254261757927,
                    -2.4679181029159837e-08,
                    -0.5765473799854882
                ],
                [
                    0.6123724338565683,
                    -0.3535533248172958,
                    0.7071067773708988,
                    -0.4475064686089839
                ],
                [
                    -0.6123724692011775,
                    0.3535533249289437,
                    0.7071067767152884,
                    0.02324240245745621
                ],
                [
                    0.0,
                    0.0,
                    0.0,
                    1.0
                ]
            ]
        },
        {
            "file_path": "images/0101.png",
            "sharpness": 6.950670571216542,
            "transform_matrix": [
                [
                    -0.4999999011979382,
                    -0.8660254261757927,
                    -2.4679181029159837e-08,
                    -0.27078071768780976
                ],
                [
                    0.6123724338565683,
                    -0.3535533248172958,
                    0.7071067773708988,
                    -0.6421825696782277
                ],
                [
                    -0.6123724692011775,
                    0.3535533249289437,
                    0.7071067767152884,
                    0.21791851734327058
                ],
                [
                    0.0,
                    0.0,
                    0.0,
                    1.0
                ]
            ]
        },
        {
            "file_path": "images/0102.png",
            "sharpness": 6.870265836408403,
            "transform_matrix": [
                [
                    -0.4999999011979382,
                    -0.8660254261757927,
                    -2.4679181029159837e-08,
                    0.13841497809650466
                ],
                [
                    0.6123724338565683,
                    -0.3535533248172958,
                    0.7071067773708988,
                    -0.6725939826972195
                ],
                [
                    -0.6123724692011775,
                    0.3535533249289437,
                    0.7071067767152884,
                    0.24832993887298171
                ],
                [
                    0.0,
                    0.0,
                    0.0,
                    1.0
                ]
            ]
        },
        {
            "file_path": "images/0103.png",
            "sharpness": 6.610457897026154,
            "transform_matrix": [
                [
                    -0.4999999011979382,
                    -0.8660254261757927,
                    -2.4679181029159837e-08,
                    0.49474085962800907
                ],
                [
                    0.6123724338565683,
                    -0.3535533248172958,
                    0.7071067773708988,
                    -0.5271245815386159
                ],
                [
                    -0.6123724692011775,
                    0.3535533249289437,
                    0.7071067767152884,
                    0.10286053766844046
                ],
                [
                    0.0,
                    0.0,
                    0.0,
                    1.0
                ]
            ]
        },
        {
            "file_path": "images/0104.png",
            "sharpness": 6.442425129076875,
            "transform_matrix": [
                [
                    -0.4999999011979382,
                    -0.8660254261757927,
                    -2.4679181029159837e-08,
                    0.6620925512329371
                ],
                [
                    0.6123724338565683,
                    -0.3535533248172958,
                    0.7071067773708988,
                    -0.26133873312190964
                ],
                [
                    -0.6123724692011775,
                    0.3535533249289437,
                    0.7071067767152884,
                    -0.16292531933331342
                ],
                [
                    0.0,
                    0.0,
                    0.0,
                    1.0
                ]
            ]
        },
        {
            "file_path": "images/0105.png",
            "sharpness": 6.685792091986572,
            "transform_matrix": [
                [
                    -0.4999999011979382,
                    -0.8660254261757927,
                    -2.4679181029159837e-08,
                    0.5765473947929968
                ],
                [
                    0.6123724338565683,
                    -0.3535533248172958,
                    0.7071067773708988,
                    0.02324240218644466
                ],
                [
                    -0.6123724692011775,
                    0.3535533249289437,
                    0.7071067767152884,
                    -0.4475064684866292
                ],
                [
                    0.0,
                    0.0,
                    0.0,
                    1.0
                ]
            ]
        },
        {
            "file_path": "images/0106.png",
            "sharpness": 6.6765527337521675,
            "transform_matrix": [
                [
                    -0.4999999011979382,
                    -0.8660254261757927,
                    -2.4679181029159837e-08,
                    0.2707807324953185
                ],
                [
                    0.6123724338565683,
                    -0.3535533248172958,
                    0.7071067773708988,
                    0.21791850325568837
                ],
                [
                    -0.6123724692011775,
                    0.3535533249289437,
                    0.7071067767152884,
                    -0.6421825833724437
                ],
                [
                    0.0,
                    0.0,
                    0.0,
                    1.0
                ]
            ]
        },
        {
            "file_path": "images/0107.png",
            "sharpness": 6.891384544918862,
            "transform_matrix": [
                [
                    -0.4999999011979382,
                    -0.8660254261757927,
                    -2.4679181029159837e-08,
                    -0.13841496328899602
                ],
                [
                    0.6123724338565683,
                    -0.3535533248172958,
                    0.7071067773708988,
                    0.24832991627468032
                ],
                [
                    -0.6123724692011775,
                    0.3535533249289437,
                    0.7071067767152884,
                    -0.6725940049021548
                ],
                [
                    0.0,
                    0.0,
                    0.0,
                    1.0
                ]
            ]
        },
        {
            "file_path": "images/0108.png",
            "sharpness": 6.735719399759503,
            "transform_matrix": [
                [
                    -0.4999999011979382,
                    -0.8660254261757927,
                    -2.4679181029159837e-08,
                    -0.4947408448205004
                ],
                [
                    0.6123724338565683,
                    -0.3535533248172958,
                    0.7071067773708988,
                    0.1028605151160766
                ],
                [
                    -0.6123724692011775,
                    0.3535533249289437,
                    0.7071067767152884,
                    -0.5271246036976136
                ],
                [
                    0.0,
                    0.0,
                    0.0,
                    1.0
                ]
            ]
        },
        {
            "file_path": "images/0109.png",
            "sharpness": 6.32020073758231,
            "transform_matrix": [
                [
                    -0.4999999011979382,
                    -0.8660254261757927,
                    -2.4679181029159837e-08,
                    -0.6620925364254285
                ],
                [
                    0.6123724338565683,
                    -0.3535533248172958,
                    0.7071067773708988,
                    -0.16292533330062947
                ],
                [
                    -0.6123724692011775,
                    0.3535533249289437,
                    0.7071067767152884,
                    -0.26133874669585966
                ],
                [
                    0.0,
                    0.0,
                    0.0,
                    1.0
                ]
            ]
        },
        {
            "file_path": "images/0200.png",
            "sharpness": 6.474688395746249,
            "transform_matrix": [
                [
                    -0.4999999011979382,
                    -0.8660254261757927,
                    -2.4679181029159837e-08,
                    -0.49044049098167486
                ],
                [
                    0.6123724338565683,
                    -0.3535533248172958,
                    0.7071067773708988,
                    -0.4911603086107406
                ],
                [
                    -0.6123724692011775,
                    0.3535533249289437,
                    0.7071067767152884,
                    -0.09071740080482107
                ],
                [
                    0.0,
                    0.0,
                    0.0,
                    1.0
                ]
            ]
        },
        {
            "file_path": "images/0201.png",
            "sharpness": 6.617980452614066,
            "transform_matrix": [
                [
                    -0.4999999011979382,
                    -0.8660254261757927,
                    -2.4679181029159837e-08,
                    -0.2303398325310494
                ],
                [
                    0.6123724338565683,
                    -0.3535533248172958,
                    0.7071067773708988,
                    -0.6567616913521163
                ],
                [
                    -0.6123724692011775,
                    0.3535533249289437,
                    0.7071067767152884,
                    0.07488399368963149
                ],
                [
                    0.0,
                    0.0,
                    0.0,
                    1.0
                ]
            ]
        },
        {
            "file_path": "images/0202.png",
            "sharpness": 6.818498218658824,
            "transform_matrix": [
                [
                    -0.4999999011979382,
                    -0.8660254261757927,
                    -2.4679181029159837e-08,
                    0.11774281686205312
                ],
                [
                    0.6123724338565683,
                    -0.3535533248172958,
                    0.7071067773708988,
                    -0.6826311844198495
                ],
                [
                    -0.6123724692011775,
                    0.3535533249289437,
                    0.7071067767152884,
                    0.10075349399701496
                ],
                [
                    0.0,
                    0.0,
                    0.0,
                    1.0
                ]
            ]
        },
        {
            "file_path": "images/0203.png",
            "sharpness": 6.337303556737782,
            "transform_matrix": [
                [
                    -0.4999999011979382,
                    -0.8660254261757927,
                    -2.4679181029159837e-08,
                    0.4208517160235805
                ],
                [
                    0.6123724338565683,
                    -0.3535533248172958,
                    0.7071067773708988,
                    -0.558887520733796
                ],
                [
                    -0.6123724692011775,
                    0.3535533249289437,
                    0.7071067767152884,
                    -0.022990169728115302
                ],
                [
                    0.0,
                    0.0,
                    0.0,
                    1.0
                ]
            ]
        },
        {
            "file_path": "images/0204.png",
            "sharpness": 6.263814896477596,
            "transform_matrix": [
                [
                    -0.4999999011979382,
                    -0.8660254261757927,
                    -2.4679181029159837e-08,
                    0.5632095677663939
                ],
                [
                    0.6123724338565683,
                    -0.3535533248172958,
                    0.7071067773708988,
                    -0.3327965739295921
                ],
                [
                    -0.6123724692011775,
                    0.3535533249289437,
                    0.7071067767152884,
                    -0.24908112383519698
                ],
                [
                    0.0,
                    0.0,
                    0.0,
                    1.0
                ]
            ]
        },
        {
            "file_path": "images/0205.png",
            "sharpness": 6.4790079133021985,
            "transform_matrix": [
                [
                    -0.4999999011979382,
                    -0.8660254261757927,
                    -2.4679181029159837e-08,
                    0.49044051129015687
                ],
                [
                    0.6123724338565683,
                    -0.3535533248172958,
                    0.7071067773708988,
                    -0.09071740113779929
                ],
                [
                    -0.6123724692011775,
                    0.3535533249289437,
                    0.7071067767152884,
                    -0.4911603084042175
                ],
                [
                    0.0,
                    0.0,
                    0.0,
                    1.0
                ]
            ]
        },
        {
            "file_path": "images/0206.png",
            "sharpness": 6.32504867974623,
            "transform_matrix": [
                [
                    -0.4999999011979382,
                    -0.8660254261757927,
                    -2.4679181029159837e-08,
                    0.23033985283953157
                ],
                [
                    0.6123724338565683,
                    -0.3535533248172958,
                    0.7071067773708988,
                    0.07488398160357634
                ],
                [
                    -0.6123724692011775,
                    0.3535533249289437,
                    0.7071067767152884,
                    -0.6567617028986701
                ],
                [
                    0.0,
                    0.0,
                    0.0,
                    1.0
                ]
            ]
        },
        {
            "file_path": "images/0207.png",
            "sharpness": 6.542354550731326,
            "transform_matrix": [
                [
                    -0.4999999011979382,
                    -0.8660254261757927,
                    -2.4679181029159837e-08,
                    -0.11774279655357096
                ],
                [
                    0.6123724338565683,
                    -0.3535533248172958,
                    0.7071067773708988,
                    0.10075347467130966
                ],
                [
                    -0.6123724692011775,
                    0.3535533249289437,
                    0.7071067767152884,
                    -0.6826312032060535
                ],
                [
                    0.0,
                    0.0,
                    0.0,
                    1.0
                ]
            ]
        },
        {
            "file_path": "images/0208.png",
            "sharpness": 6.5511034622086415,
            "transform_matrix": [
                [
                    -0.4999999011979382,
                    -0.8660254261757927,
                    -2.4679181029159837e-08,
                    -0.42085169571509834
                ],
                [
                    0.6123724338565683,
                    -0.3535533248172958,
                    0.7071067773708988,
                    -0.022990189014743836
                ],
                [
                    -0.6123724692011775,
                    0.3535533249289437,
                    0.7071067767152884,
                    -0.5588875394809233
                ],
                [
                    0.0,
                    0.0,
                    0.0,
                    1.0
                ]
            ]
        },
        {
            "file_path": "images/0209.png",
            "sharpness": 6.125391657651502,
            "transform_matrix": [
                [
                    -0.4999999011979382,
                    -0.8660254261757927,
                    -2.4679181029159837e-08,
                    -0.5632095474579117
                ],
                [
                    0.6123724338565683,
                    -0.3535533248172958,
                    0.7071067773708988,
                    -0.2490811358189477
                ],
                [
                    -0.6123724692011775,
                    0.3535533249289437,
                    0.7071067767152884,
                    -0.3327965853738417
                ],
                [
                    0.0,
                    0.0,
                    0.0,
                    1.0
                ]
            ]
        },
        {
            "file_path": "images/0300.png",
            "sharpness": 6.3425680638525215,
            "transform_matrix": [
                [
                    -0.4999999011979382,
                    -0.8660254261757927,
                    -2.4679181029159837e-08,
                    -0.35632586755539064
                ],
                [
                    0.6123724338565683,
                    -0.3535533248172958,
                    0.7071067773708988,
                    -0.5459123809701355
                ],
                [
                    -0.6123724692011775,
                    0.3535533249289437,
                    0.7071067767152884,
                    -0.2549735782357104
                ],
                [
                    0.0,
                    0.0,
                    0.0,
                    1.0
                ]
            ]
        },
        {
            "file_path": "images/0301.png",
            "sharpness": 6.564744918341696,
            "transform_matrix": [
                [
                    -0.4999999011979382,
                    -0.8660254261757927,
                    -2.4679181029159837e-08,
                    -0.16735167762881428
                ],
                [
                    0.6123724338565683,
                    -0.3535533248172958,
                    0.7071067773708988,
                    -0.6662288282282379
                ],
                [
                    -0.6123724692011775,
                    0.3535533249289437,
                    0.7071067767152884,
                    -0.13465712243849776
                ],
                [
                    0.0,
                    0.0,
                    0.0,
                    1.0
                ]
            ]
        },
        {
            "file_path": "images/0302.png",
            "sharpness": 6.7452330418798665,
            "transform_matrix": [
                [
                    -0.4999999011979382,
                    -0.8660254261757927,
                    -2.4679181029159837e-08,
                    0.08554517041605414
                ],
                [
                    0.6123724338565683,
                    -0.3535533248172958,
                    0.7071067773708988,
                    -0.6850241151198859
                ],
                [
                    -0.6123724692011775,
                    0.3535533249289437,
                    0.7071067767152884,
                    -0.11586183028693593
                ],
                [
                    0.0,
                    0.0,
                    0.0,
                    1.0
                ]
            ]
        },
        {
            "file_path": "images/0303.png",
            "sharpness": 6.214827421540394,
            "transform_matrix": [
                [
                    -0.4999999011979382,
                    -0.8660254261757927,
                    -2.4679181029159837e-08,
                    0.3057666762737923
                ],
                [
                    0.6123724338565683,
                    -0.3535533248172958,
                    0.7071067773708988,
                    -0.5951190808807755
                ],
                [
                    -0.6123724692011775,
                    0.3535533249289437,
                    0.7071067767152884,
                    -0.20576686455443732
                ],
                [
                    0.0,
                    0.0,
                    0.0,
                    1.0
                ]
            ]
        },
        {
            "file_path": "images/0304.png",
            "sharpness": 6.313636879245147,
            "transform_matrix": [
                [
                    -0.4999999011979382,
                    -0.8660254261757927,
                    -2.4679181029159837e-08,
                    0.4091957097604283
                ],
                [
                    0.6123724338565683,
                    -0.3535533248172958,
                    0.7071067773708988,
                    -0.43085439283052357
                ],
                [
                    -0.6123724692011775,
                    0.3535533249289437,
                    0.7071067767152884,
                    -0.37003155791054043
                ],
                [
                    0.0,
                    0.0,
                    0.0,
                    1.0
                ]
            ]
        },
        {
            "file_path": "images/0305.png",
            "sharpness": 6.503642863784601,
            "transform_matrix": [
                [
                    -0.4999999011979382,
                    -0.8660254261757927,
                    -2.4679181029159837e-08,
                    0.35632589550761823
                ],
                [
                    0.6123724338565683,
                    -0.3535533248172958,
                    0.7071067773708988,
                    -0.25497357865292786
                ],
                [
                    -0.6123724692011775,
                    0.3535533249289437,
                    0.7071067767152884,
                    -0.5459123806447931
                ],
                [
                    0.0,
                    0.0,
                    0.0,
                    1.0
                ]
            ]
        },
        {
            "file_path": "images/0306.png",
            "sharpness": 6.229444170911813,
            "transform_matrix": [
                [
                    -0.4999999011979382,
                    -0.8660254261757927,
                    -2.4679181029159837e-08,
                    0.1673517055810419
                ],
                [
                    0.6123724338565683,
                    -0.3535533248172958,
                    0.7071067773708988,
                    -0.1346571313948254
                ],
                [
                    -0.6123724692011775,
                    0.3535533249289437,
                    0.7071067767152884,
                    -0.6662288364420058
                ],
                [
                    0.0,
                    0.0,
                    0.0,
                    1.0
                ]
            ]
        },
        {
            "file_path": "images/0307.png",
            "sharpness": 6.502061572868438,
            "transform_matrix": [
                [
                    -0.4999999011979382,
                    -0.8660254261757927,
                    -2.4679181029159837e-08,
                    -0.08554514246382652
                ],
                [
                    0.6123724338565683,
                    -0.3535533248172958,
                    0.7071067773708988,
                    -0.11586184450317738
                ],
                [
                    -0.6123724692011775,
                    0.3535533249289437,
                    0.7071067767152884,
                    -0.6850241285935676
                ],
                [
                    0.0,
                    0.0,
                    0.0,
                    1.0
                ]
            ]
        },
        {
            "file_path": "images/0308.png",
            "sharpness": 6.387149517595029,
            "transform_matrix": [
                [
                    -0.4999999011979382,
                    -0.8660254261757927,
                    -2.4679181029159837e-08,
                    -0.3057666483215647
                ],
                [
                    0.6123724338565683,
                    -0.3535533248172958,
                    0.7071067773708988,
                    -0.2057668787422878
                ],
                [
                    -0.6123724692011775,
                    0.3535533249289437,
                    0.7071067767152884,
                    -0.5951190943260662
                ],
                [
                    0.0,
                    0.0,
                    0.0,
                    1.0
                ]
            ]
        },
        {
            "file_path": "images/0309.png",
            "sharpness": 6.223643599823375,
            "transform_matrix": [
                [
                    -0.4999999011979382,
                    -0.8660254261757927,
                    -2.4679181029159837e-08,
                    -0.40919568180820076
                ],
                [
                    0.6123724338565683,
                    -0.3535533248172958,
                    0.7071067773708988,
                    -0.3700315667925397
                ],
                [
                    -0.6123724692011775,
                    0.3535533249289437,
                    0.7071067767152884,
                    -0.430854400969963
                ],
                [
                    0.0,
                    0.0,
                    0.0,
                    1.0
                ]
            ]
        },
        {
            "file_path": "images/0400.png",
            "sharpness": 6.272448348263169,
            "transform_matrix": [
                [
                    -0.4999999011979382,
                    -0.8660254261757927,
                    -2.4679181029159837e-08,
                    -0.18733158554448134
                ],
                [
                    0.6123724338565683,
                    -0.3535533248172958,
                    0.7071067773708988,
                    -0.5472267458849589
                ],
                [
                    -0.6123724692011775,
                    0.3535533249289437,
                    0.7071067767152884,
                    -0.39427116532350803
                ],
                [
                    0.0,
                    0.0,
                    0.0,
                    1.0
                ]
            ]
        },
        {
            "file_path": "images/0401.png",
            "sharpness": 6.497687485955088,
            "transform_matrix": [
                [
                    -0.4999999011979382,
                    -0.8660254261757927,
                    -2.4679181029159837e-08,
                    -0.08798197451256995
                ],
                [
                    0.6123724338565683,
                    -0.3535533248172958,
                    0.7071067773708988,
                    -0.6104808455081842
                ],
                [
                    -0.6123724692011775,
                    0.3535533249289437,
                    0.7071067767152884,
                    -0.3310170612110068
                ],
                [
                    0.0,
                    0.0,
                    0.0,
                    1.0
                ]
            ]
        },
        {
            "file_path": "images/0402.png",
            "sharpness": 6.447928405477973,
            "transform_matrix": [
                [
                    -0.4999999011979382,
                    -0.8660254261757927,
                    -2.4679181029159837e-08,
                    0.0449737666614822
                ],
                [
                    0.6123724338565683,
                    -0.3535533248172958,
                    0.7071067773708988,
                    -0.6203621125883284
                ],
                [
                    -0.6123724692011775,
                    0.3535533249289437,
                    0.7071067767152884,
                    -0.32113579136556225
                ],
                [
                    0.0,
                    0.0,
                    0.0,
                    1.0
                ]
            ]
        },
        {
            "file_path": "images/0403.png",
            "sharpness": 6.295739993620506,
            "transform_matrix": [
                [
                    -0.4999999011979382,
                    -0.8660254261757927,
                    -2.4679181029159837e-08,
                    0.16075106384862123
                ],
                [
                    0.6123724338565683,
                    -0.3535533248172958,
                    0.7071067773708988,
                    -0.5730962389526921
                ],
                [
                    -0.6123724692011775,
                    0.3535533249289437,
                    0.7071067767152884,
                    -0.36840166501612454
                ],
                [
                    0.0,
                    0.0,
                    0.0,
                    1.0
                ]
            ]
        },
        {
            "file_path": "images/0404.png",
            "sharpness": 6.605365379916298,
            "transform_matrix": [
                [
                    -0.4999999011979382,
                    -0.8660254261757927,
                    -2.4679181029159837e-08,
                    0.21512692464895744
                ],
                [
                    0.6123724338565683,
                    -0.3535533248172958,
