{
    "camera_angle_x": 0.8950399160385132,
    "camera_angle_y": 1.2480461597442627,
    "fl_x": 750.0,
    "fl_y": 750.0,
    "k1": 0.0,
    "k2": 0.0,
    "p1": 0.0,
    "p2": 0.0,
    "cx": 360.0,
    "cy": 640.0,
    "w": 720.0,
    "h": 1280.0,
    "aabb_scale": 4,
    "frames": [
        {
            "file_path": "train/0001.png",
            "transform_matrix": [
                [
                    0.9998551607131958,
                    0.004978343844413757,
                    -0.016274234279990196,
                    -0.05695981904864311
                ],
                [
                    -0.017018653452396393,
                    0.2924804091453552,
                    -0.9561201333999634,
                    -3.3464202880859375
                ],
                [
                    0.0,
                    0.9562585949897766,
                    0.2925227880477905,
                    1.023829698562622
                ],
                [
                    0.0,
                    0.0,
                    0.0,
                    1.0
                ]
            ]
        },
        {
            "file_path": "train/0002.png",
            "transform_matrix": [
                [
                    -0.9683502912521362,
                    0.187636137008667,
                    0.16459159553050995,
                    0.5760705471038818
                ],
                [
                    0.24959510564804077,
                    0.7279689908027649,
                    0.6385635137557983,
                    2.2349722385406494
                ],
                [
                    1.4901161193847656e-08,
                    0.65943443775177,
                    -0.7517621517181396,
                    -2.631167411804199
                ],
                [
                    0.0,
                    0.0,
                    0.0,
                    1.0
                ]
            ]
        },
        {
            "file_path": "train/0003.png",
            "transform_matrix": [
                [
                    0.1355815976858139,
                    -0.9331952333450317,
                    0.33281269669532776,
                    1.1648443937301636
                ],
                [
                    0.9907662868499756,
                    0.12770327925682068,
                    -0.04554381221532822,
                    -0.15940333902835846
                ],
                [
                    -7.450581485102248e-09,
                    0.33591440320014954,
                    0.9418925046920776,
                    3.296623706817627
                ],
                [
                    0.0,
                    0.0,
                    0.0,
                    1.0
                ]
            ]
        },
        {
            "file_path": "train/0004.png",
            "transform_matrix": [
                [
                    -0.510425329208374,
                    -0.20179635286331177,
                    -0.8359092473983765,
                    -2.925682306289673
                ],
                [
                    -0.8599221706390381,
                    0.11978057026863098,
                    0.4961719512939453,
                    1.736601710319519
                ],
                [
                    -7.450580596923828e-09,
                    0.9720755815505981,
                    -0.23466816544532776,
                    -0.8213385343551636
                ],
                [
                    0.0,
                    0.0,
                    0.0,
                    1.0
                ]
            ]
        },
        {
            "file_path": "train/0005.png",
            "transform_matrix": [
                [
                    0.9190519452095032,
                    -0.324552059173584,
                    0.2236282229423523,
                    0.7826987504959106
                ],
                [
                    0.39413654804229736,
                    0.7567940354347229,
                    -0.5214587450027466,
                    -1.8251054286956787
                ],
                [
                    0.0,
                    0.5673877000808716,
                    0.8234508037567139,
                    2.882077693939209
                ],
                [
                    0.0,
                    0.0,
                    0.0,
                    1.0
                ]
            ]
        },
        {
            "file_path": "train/0006.png",
            "transform_matrix": [
                [
                    -0.501018226146698,
                    -0.40556755661964417,
                    0.7645232677459717,
                    2.6758313179016113
                ],
                [
                    0.8654367923736572,
                    -0.23479095101356506,
                    0.4425974190235138,
                    1.54909086227417
                ],
                [
                    -1.4901161193847656e-08,
                    0.883395791053772,
                    0.4686276316642761,
                    1.640196681022644
                ],
                [
                    0.0,
                    0.0,
                    0.0,
                    1.0
                ]
            ]
        },
        {
            "file_path": "train/0007.png",
            "transform_matrix": [
                [
                    -0.24892765283584595,
                    0.6712207794189453,
                    -0.6982103586196899,
                    -2.4437363147735596
                ],
                [
                    -0.9685221314430237,
                    -0.1725158393383026,
                    0.17945264279842377,
                    0.6280843019485474
                ],
                [
                    0.0,
                    0.7209028005599976,
                    0.6930360794067383,
                    2.425626516342163
                ],
                [
                    0.0,
                    0.0,
                    0.0,
                    1.0
                ]
            ]
        },
        {
            "file_path": "train/0008.png",
            "transform_matrix": [
                [
                    -0.9980671405792236,
                    -0.031834691762924194,
                    0.05337117612361908,
                    0.18679910898208618
                ],
                [
                    0.06214442104101181,
                    -0.5112793445587158,
                    0.8571648597717285,
                    3.0000767707824707
                ],
                [
                    1.8626449271863521e-09,
                    0.8588247895240784,
                    0.5122694969177246,
                    1.7929432392120361
                ],
                [
                    0.0,
                    0.0,
                    0.0,
                    1.0
                ]
            ]
        },
        {
            "file_path": "train/0009.png",
            "transform_matrix": [
                [
                    0.12394888699054718,
                    -0.14488467574119568,
                    -0.9816542267799377,
                    -3.4357900619506836
                ],
                [
                    -0.9922886490821838,
                    -0.018097853288054466,
                    -0.12262051552534103,
                    -0.4291718304157257
                ],
                [
                    -1.862645371275562e-09,
                    0.9892829656600952,
                    -0.146010622382164,
                    -0.5110372304916382
                ],
                [
                    0.0,
                    0.0,
                    0.0,
                    1.0
                ]
            ]
        },
        {
            "file_path": "train/0010.png",
            "transform_matrix": [
                [
                    -0.5549371838569641,
                    0.4948767125606537,
                    -0.6686866283416748,
                    -2.3404030799865723
                ],
                [
                    -0.8318923711776733,
                    -0.3301214277744293,
                    0.4460662305355072,
                    1.5612317323684692
                ],
                [
                    0.0,
                    0.8038138747215271,
                    0.5948808193206787,
                    2.082082748413086
                ],
                [
                    0.0,
                    0.0,
                    0.0,
                    1.0
                ]
            ]
        },
        {
            "file_path": "train/0011.png",
            "transform_matrix": [
                [
                    0.07670837640762329,
                    -0.764022171497345,
                    0.6406137943267822,
                    2.2421481609344482
                ],
                [
                    0.9970536231994629,
                    0.058780089020729065,
                    -0.049285657703876495,
                    -0.17249979078769684
                ],
                [
                    0.0,
                    0.6425068378448486,
                    0.766279935836792,
                    2.6819796562194824
                ],
                [
                    0.0,
                    0.0,
                    0.0,
                    1.0
                ]
            ]
        },
        {
            "file_path": "train/0012.png",
            "transform_matrix": [
                [
                    0.9993970394134521,
                    0.024596067145466805,
                    0.024510053917765617,
                    0.08578518778085709
                ],
                [
                    0.034723326563835144,
                    -0.7079171538352966,
                    -0.7054415345191956,
                    -2.4690451622009277
                ],
                [
                    0.0,
                    0.7058671712875366,
                    -0.7083442807197571,
                    -2.4792048931121826
                ],
                [
                    0.0,
                    0.0,
                    0.0,
                    1.0
                ]
            ]
        },
        {
            "file_path": "train/0013.png",
            "transform_matrix": [
                [
                    -0.296646386384964,
                    0.09912340342998505,
                    -0.9498292207717896,
                    -3.324402093887329
                ],
                [
                    -0.9549874067306519,
                    -0.03079056367278099,
                    0.29504409432411194,
                    1.0326542854309082
                ],
                [
                    -1.862645149230957e-09,
                    0.9945986866950989,
                    0.10379552096128464,
                    0.36328431963920593
                ],
                [
                    0.0,
                    0.0,
                    0.0,
                    1.0
                ]
            ]
        },
        {
            "file_path": "train/0014.png",
            "transform_matrix": [
                [
                    0.5647761225700378,
                    0.7964829802513123,
                    -0.215969517827034,
                    -0.7558932900428772
                ],
                [
                    -0.8252441883087158,
                    0.5450927019119263,
                    -0.14780405163764954,
                    -0.5173141360282898
                ],
                [
                    -7.450580596923828e-09,
                    0.2617036700248718,
                    0.9651482701301575,
                    3.378018856048584
                ],
                [
                    0.0,
                    0.0,
                    0.0,
                    1.0
                ]
            ]
        },
        {
            "file_path": "train/0015.png",
            "transform_matrix": [
                [
                    0.9833740592002869,
                    -0.034675467759370804,
                    0.1782498061656952,
                    0.623874306678772
                ],
                [
                    0.1815912425518036,
                    0.18777865171432495,
                    -0.9652791619300842,
                    -3.378476858139038
                ],
                [
                    -3.7252898543727042e-09,
                    0.9815991520881653,
                    0.19095343351364136,
                    0.6683369874954224
                ],
                [
                    0.0,
                    0.0,
                    0.0,
                    1.0
                ]
            ]
        },
        {
            "file_path": "train/0016.png",
            "transform_matrix": [
                [
                    -0.9995946884155273,
                    -0.023688312619924545,
                    0.01579439267516136,
                    0.05528037250041962
                ],
                [
                    0.028471022844314575,
                    -0.8316776156425476,
                    0.5545284152030945,
                    1.9408493041992188
                ],
                [
                    9.31322685637781e-10,
                    0.5547531843185425,
                    0.8320149183273315,
                    2.9120521545410156
                ],
                [
                    0.0,
                    0.0,
                    0.0,
                    1.0
                ]
            ]
        },
        {
            "file_path": "train/0017.png",
            "transform_matrix": [
                [
                    0.8380317687988281,
                    -0.3623540997505188,
                    0.4079242944717407,
                    1.4277349710464478
                ],
                [
                    0.545621395111084,
                    0.5565475821495056,
                    -0.6265398263931274,
                    -2.1928892135620117
                ],
                [
                    0.0,
                    0.7476323843002319,
                    0.6641127467155457,
                    2.324394464492798
                ],
                [
                    0.0,
                    0.0,
                    0.0,
                    1.0
                ]
            ]
        },
        {
            "file_path": "train/0018.png",
            "transform_matrix": [
                [
                    -0.2592984139919281,
                    0.957290768623352,
                    -0.12790164351463318,
                    -0.44765570759773254
                ],
                [
                    -0.9657973647117615,
                    -0.25701454281806946,
                    0.03433918580412865,
                    0.12018714845180511
                ],
                [
                    0.0,
                    0.13243071734905243,
                    0.9911922216415405,
                    3.469172716140747
                ],
                [
                    0.0,
                    0.0,
                    0.0,
                    1.0
                ]
            ]
        },
        {
            "file_path": "train/0019.png",
            "transform_matrix": [
                [
                    0.9696230888366699,
                    0.22629666328430176,
                    -0.09284878522157669,
                    -0.32497072219848633
                ],
                [
                    -0.24460390210151672,
                    0.8970521688461304,
                    -0.36805760860443115,
                    -1.2882015705108643
                ],
                [
                    -7.450580596923828e-09,
                    0.37958821654319763,
                    0.925155520439148,
                    3.238044261932373
                ],
                [
                    0.0,
                    0.0,
                    0.0,
                    1.0
                ]
            ]
        },
        {
            "file_path": "train/0020.png",
            "transform_matrix": [
                [
                    0.9344629049301147,
                    -0.23830226063728333,
                    -0.26455849409103394,
                    -0.9259546399116516
                ],
                [
                    -0.35606059432029724,
                    -0.6254121661186218,
                    -0.6943203210830688,
                    -2.4301209449768066
                ],
                [
                    0.0,
                    0.7430152893066406,
                    -0.6692744493484497,
                    -2.3424603939056396
                ],
                [
                    0.0,
                    0.0,
                    0.0,
                    1.0
                ]
            ]
        },
        {
            "file_path": "train/0021.png",
            "transform_matrix": [
                [
                    -0.05143652483820915,
                    -0.406635046005249,
                    -0.9121415615081787,
                    -3.192495346069336
                ],
                [
                    -0.9986763000488281,
                    0.020943617448210716,
                    0.04697958007454872,
                    0.16442851722240448
                ],
                [
                    0.0,
                    0.9133506417274475,
                    -0.4071740210056305,
                    -1.4251090288162231
                ],
                [
                    0.0,
                    0.0,
                    0.0,
                    1.0
                ]
            ]
        },
        {
            "file_path": "train/0022.png",
            "transform_matrix": [
                [
                    0.7539231777191162,
                    0.12323316186666489,
                    0.6453010439872742,
                    2.2585535049438477
                ],
                [
                    0.6569625735282898,
                    -0.14142106473445892,
                    -0.740540623664856,
                    -2.5918920040130615
                ],
                [
                    0.0,
                    0.9822493195533752,
                    -0.1875801980495453,
                    -0.6565306782722473
                ],
                [
                    0.0,
                    0.0,
                    0.0,
                    1.0
                ]
            ]
        },
        {
            "file_path": "train/0023.png",
            "transform_matrix": [
                [
                    -0.8104446530342102,
                    0.32429492473602295,
                    0.4878650903701782,
                    1.707527756690979
                ],
                [
                    0.5858153104782104,
                    0.4486449658870697,
                    0.6749356985092163,
                    2.3622748851776123
                ],
                [
                    1.4901161193847656e-08,
                    0.8327968120574951,
                    -0.553578794002533,
                    -1.937525749206543
                ],
                [
                    0.0,
                    0.0,
                    0.0,
                    1.0
                ]
            ]
        },
        {
            "file_path": "train/0024.png",
            "transform_matrix": [
                [
                    0.31351807713508606,
                    0.6686602234840393,
                    -0.6742404103279114,
                    -2.3598413467407227
                ],
                [
                    -0.9495822191238403,
                    0.22076767683029175,
                    -0.22261004149913788,
                    -0.7791351079940796
                ],
                [
                    0.0,
                    0.710038959980011,
                    0.7041624188423157,
                    2.4645683765411377
                ],
                [
                    0.0,
                    0.0,
                    0.0,
                    1.0
                ]
            ]
        },
        {
            "file_path": "train/0025.png",
            "transform_matrix": [
                [
                    -0.6351677179336548,
                    0.14718857407569885,
                    0.7582200169563293,
                    2.6537699699401855
                ],
                [
                    0.7723742723464966,
                    0.12104161083698273,
                    0.6235278248786926,
                    2.182347297668457
                ],
                [
                    0.0,
                    0.981674313545227,
                    -0.19056640565395355,
                    -0.6669824123382568
                ],
                [
                    0.0,
                    0.0,
                    0.0,
                    1.0
                ]
            ]
        },
        {
            "file_path": "train/0026.png",
            "transform_matrix": [
                [
                    -0.7786742448806763,
                    -0.5578303933143616,
                    -0.2872137725353241,
                    -1.0052481889724731
                ],
                [
                    -0.6274284720420837,
                    0.6922990679740906,
                    0.35644853115081787,
                    1.2475697994232178
                ],
                [
                    0.0,
                    0.45776331424713135,
                    -0.8890740871429443,
                    -3.1117591857910156
                ],
                [
                    0.0,
                    0.0,
                    0.0,
                    1.0
                ]
            ]
        },
        {
            "file_path": "train/0027.png",
            "transform_matrix": [
                [
                    0.9772070646286011,
                    -0.17781779170036316,
                    0.11596259474754333,
                    0.4058690667152405
                ],
                [
                    0.21228867769241333,
                    0.8185306191444397,
                    -0.53379887342453,
                    -1.8682959079742432
                ],
                [
                    0.0,
                    0.5462493896484375,
                    0.8376225233078003,
                    2.9316787719726562
                ],
                [
                    0.0,
                    0.0,
                    0.0,
                    1.0
                ]
            ]
        },
        {
            "file_path": "train/0028.png",
            "transform_matrix": [
                [
                    -0.9982768297195435,
                    -0.04866604879498482,
                    0.03278983011841774,
                    0.11476440727710724
                ],
                [
                    0.05868183821439743,
                    -0.8278913497924805,
                    0.5578101873397827,
                    1.9523358345031738
                ],
                [
                    -1.862645593320167e-09,
                    0.5587731003761292,
                    0.82932049036026,
                    2.9026219844818115
                ],
                [
                    0.0,
                    0.0,
                    0.0,
                    1.0
                ]
            ]
        },
        {
            "file_path": "train/0029.png",
            "transform_matrix": [
                [
                    0.4108373820781708,
                    0.7738888263702393,
                    -0.48198407888412476,
                    -1.6869442462921143
                ],
                [
                    -0.9117087721824646,
                    0.34873250126838684,
                    -0.2171933352947235,
                    -0.7601766586303711
                ],
                [
                    2.980232594040899e-08,
                    0.5286601781845093,
                    0.8488336205482483,
                    2.9709174633026123
                ],
                [
                    0.0,
                    0.0,
                    0.0,
                    1.0
                ]
            ]
        },
        {
            "file_path": "train/0030.png",
            "transform_matrix": [
                [
                    -0.9999974966049194,
                    0.00122816429939121,
                    0.0018836233066394925,
                    0.006592682097107172
                ],
                [
                    0.00224864948540926,
                    0.5461772680282593,
                    0.8376665711402893,
                    2.931833267211914
                ],
                [
                    0.0,
                    0.8376687169075012,
                    -0.5461786389350891,
                    -1.9116252660751343
                ],
                [
                    0.0,
                    0.0,
                    0.0,
                    1.0
                ]
            ]
        },
        {
            "file_path": "train/0031.png",
            "transform_matrix": [
                [
                    -0.999745786190033,
                    0.02251945622265339,
                    -0.0011048457818105817,
                    -0.003866960294544697
                ],
                [
                    -0.022546542808413506,
                    -0.9985447525978088,
                    0.048990435898303986,
                    0.17146652936935425
                ],
                [
                    0.0,
                    0.04900307208299637,
                    0.9987986087799072,
                    3.495795249938965
                ],
                [
                    0.0,
                    0.0,
                    0.0,
                    1.0
                ]
            ]
        },
        {
            "file_path": "train/0032.png",
            "transform_matrix": [
                [
                    0.5595388412475586,
                    0.5942631959915161,
                    -0.5777261853218079,
                    -2.0220415592193604
                ],
                [
                    -0.8288042545318604,
                    0.4011964797973633,
                    -0.3900321125984192,
                    -1.3651123046875
                ],
                [
                    -2.980232594040899e-08,
                    0.6970599293708801,
                    0.7170128226280212,
                    2.509544849395752
                ],
                [
                    0.0,
                    0.0,
                    0.0,
                    1.0
                ]
            ]
        },
        {
            "file_path": "train/0033.png",
            "transform_matrix": [
                [
                    -0.7442324757575989,
                    -0.6286355257034302,
                    -0.22568857669830322,
                    -0.7899099588394165
                ],
                [
                    -0.6679206490516663,
                    0.7004588842391968,
                    0.25147414207458496,
                    0.8801594972610474
                ],
                [
                    -1.4901162970204496e-08,
                    0.3378973603248596,
                    -0.9411829710006714,
                    -3.294140338897705
                ],
                [
                    0.0,
                    0.0,
                    0.0,
                    1.0
                ]
            ]
        },
        {
            "file_path": "train/0034.png",
            "transform_matrix": [
                [
                    -0.5557669401168823,
                    -0.1249731257557869,
                    -0.8218910098075867,
                    -2.8766186237335205
                ],
                [
                    -0.8313381671905518,
                    0.08354714512825012,
                    0.5494512915611267,
                    1.9230797290802002
                ],
                [
                    0.0,
                    0.9886362552642822,
                    -0.1503276526927948,
                    -0.5261468291282654
                ],
                [
                    0.0,
                    0.0,
                    0.0,
                    1.0
                ]
            ]
        },
        {
            "file_path": "train/0035.png",
            "transform_matrix": [
                [
                    0.02704770676791668,
                    0.7319278717041016,
                    0.6808450222015381,
                    2.3829574584960938
                ],
                [
                    0.9996342062950134,
                    -0.01980421505868435,
                    -0.01842203550040722,
                    -0.06447712332010269
                ],
                [
                    0.0,
                    0.681094229221344,
                    -0.7321959137916565,
                    -2.562685489654541
                ],
                [
                    0.0,
                    0.0,
                    0.0,
                    1.0
                ]
            ]
        },
        {
            "file_path": "train/0036.png",
            "transform_matrix": [
                [
                    0.8993698954582214,
                    -0.43103259801864624,
                    -0.0731077492237091,
                    -0.25587713718414307
                ],
                [
                    -0.4371885061264038,
                    -0.8867061138153076,
                    -0.15039485692977905,
                    -0.5263820290565491
                ],
                [
                    0.0,
                    0.16722238063812256,
                    -0.9859191179275513,
                    -3.4507172107696533
                ],
                [
                    0.0,
                    0.0,
                    0.0,
                    1.0
                ]
            ]
        },
        {
            "file_path": "train/0037.png",
            "transform_matrix": [
                [
                    -0.7155871987342834,
                    0.2627337872982025,
                    0.6472294330596924,
                    2.265303134918213
                ],
                [
                    0.6985234618186951,
                    0.2691519260406494,
                    0.6630401015281677,
                    2.3206405639648438
                ],
                [
                    -1.4901162970204496e-08,
                    0.9265679717063904,
                    -0.37612733244895935,
                    -1.3164457082748413
                ],
                [
                    0.0,
                    0.0,
                    0.0,
                    1.0
                ]
            ]
        },
        {
            "file_path": "train/0038.png",
            "transform_matrix": [
                [
                    0.11184333264827728,
                    0.7344985604286194,
                    0.6693302392959595,
                    2.342655658721924
                ],
                [
                    0.9937258958816528,
                    -0.08266743272542953,
                    -0.07533277571201324,
                    -0.26366469264030457
                ],
                [
                    -3.725290298461914e-09,
                    0.6735561490058899,
                    -0.7391360402107239,
                    -2.5869760513305664
                ],
                [
                    0.0,
                    0.0,
                    0.0,
                    1.0
                ]
            ]
        },
        {
            "file_path": "train/0039.png",
            "transform_matrix": [
                [
                    0.11050198972225189,
                    -0.9231465458869934,
                    0.36822500824928284,
                    1.2887874841690063
                ],
                [
                    0.9938759803771973,
                    0.10263807326555252,
                    -0.040940314531326294,
                    -0.14329110085964203
                ],
                [
                    3.725290742551124e-09,
                    0.3704940378665924,
                    0.9288349151611328,
                    3.2509219646453857
                ],
                [
                    0.0,
                    0.0,
                    0.0,
                    1.0
                ]
            ]
        },
        {
            "file_path": "train/0040.png",
            "transform_matrix": [
                [
                    0.6954503655433655,
                    0.2611396908760071,
                    0.6694437861442566,
                    2.343053102493286
                ],
                [
                    0.7185742259025574,
                    -0.2527361810207367,
                    -0.6479009389877319,
                    -2.267653226852417
                ],
                [
                    1.4901159417490817e-08,
                    0.9316279888153076,
                    -0.3634136915206909,
                    -1.2719478607177734
                ],
                [
                    0.0,
                    0.0,
                    0.0,
                    1.0
                ]
            ]
        },
        {
            "file_path": "train/0041.png",
            "transform_matrix": [
                [
                    -0.08894408494234085,
                    0.7935191988945007,
                    0.6020101308822632,
                    2.1070353984832764
                ],
                [
                    0.9960366487503052,
                    0.07085967808961868,
                    0.053758300840854645,
                    0.18815404176712036
                ],
                [
                    0.0,
                    0.6044056415557861,
                    -0.7966768145561218,
                    -2.7883687019348145
                ],
                [
                    0.0,
                    0.0,
                    0.0,
                    1.0
                ]
            ]
        },
        {
            "file_path": "train/0042.png",
            "transform_matrix": [
                [
                    0.09739049524068832,
                    0.8188283443450928,
                    -0.5657166242599487,
                    -1.9800080060958862
                ],
                [
                    -0.9952463507652283,
                    0.08012698590755463,
                    -0.05535857751965523,
                    -0.19375501573085785
                ],
                [
                    -3.725290742551124e-09,
                    0.5684186816215515,
                    0.8227394223213196,
                    2.8795878887176514
                ],
                [
                    0.0,
                    0.0,
                    0.0,
                    1.0
                ]
            ]
        },
        {
            "file_path": "train/0043.png",
            "transform_matrix": [
                [
                    0.3381928503513336,
                    0.7513036727905273,
                    0.5667173266410828,
                    1.9835104942321777
                ],
                [
                    0.9410768151283264,
                    -0.26999443769454956,
                    -0.2036600261926651,
                    -0.7128100395202637
                ],
                [
                    0.0,
                    0.6022008657455444,
                    -0.7983446717262268,
                    -2.794206142425537
                ],
                [
                    0.0,
                    0.0,
                    0.0,
                    1.0
                ]
            ]
        },
        {
            "file_path": "train/0044.png",
            "transform_matrix": [
                [
                    0.3822341561317444,
                    -0.172945037484169,
                    -0.9077373743057251,
                    -3.1770806312561035
                ],
                [
                    -0.9240655303001404,
                    -0.07153768092393875,
                    -0.37548011541366577,
                    -1.3141803741455078
                ],
                [
                    -7.450580596923828e-09,
                    0.9823300242424011,
                    -0.18715670704841614,
                    -0.6550484299659729
                ],
                [
                    0.0,
                    0.0,
                    0.0,
                    1.0
                ]
            ]
        },
        {
            "file_path": "train/0045.png",
            "transform_matrix": [
                [
                    0.80373215675354,
                    -0.48249921202659607,
                    0.3481510877609253,
                    1.2185287475585938
                ],
                [
                    0.5949913263320923,
                    0.6517744064331055,
                    -0.47029292583465576,
                    -1.6460251808166504
                ],
                [
                    0.0,
                    0.585136353969574,
                    0.8109349012374878,
                    2.8382720947265625
                ],
                [
                    0.0,
                    0.0,
                    0.0,
                    1.0
                ]
            ]
        },
        {
            "file_path": "train/0046.png",
            "transform_matrix": [
                [
                    -0.27074986696243286,
                    -0.9419687986373901,
                    0.1984678953886032,
                    0.6946375966072083
                ],
                [
                    0.9626497030258179,
                    -0.2649332582950592,
                    0.055820051580667496,
                    0.1953701674938202
                ],
                [
                    0.0,
                    0.206168070435524,
                    0.9785165786743164,
                    3.4248077869415283
                ],
                [
                    0.0,
                    0.0,
                    0.0,
                    1.0
                ]
            ]
        },
        {
            "file_path": "train/0047.png",
            "transform_matrix": [
                [
                    -0.9279017448425293,
                    -0.3652595579624176,
                    0.07472513616085052,
                    0.26153799891471863
                ],
                [
                    0.37282490730285645,
                    -0.9090728163719177,
                    0.1859789490699768,
                    0.6509263515472412
                ],
                [
                    0.0,
                    0.20042967796325684,
                    0.9797080755233765,
                    3.428978443145752
                ],
                [
                    0.0,
                    0.0,
                    0.0,
                    1.0
                ]
            ]
        },
        {
            "file_path": "train/0048.png",
            "transform_matrix": [
                [
                    -0.05616506189107895,
                    -0.1031033843755722,
                    -0.9930837154388428,
                    -3.47579288482666
                ],
                [
                    -0.9984215497970581,
                    0.005799963138997555,
                    0.055864788591861725,
