{
    "camera_angle_x": 1.083048939704895,
    "camera_angle_y": 0.9292992353439331,
    "fl_x": 598.5000228881836,
    "fl_y": 598.5000228881836,
    "k1": 0.0,
    "k2": 0.0,
    "p1": 0.0,
    "p2": 0.0,
    "cx": 360.0,
    "cy": 640.0,
    "w": 720.0,
    "h": 1280.0,
    "aabb_scale": 1,
    "offset":[0.5, 0.5, 0.0],
    "frames": [
        {
            "file_path": "train/0001.png",
            "transform_matrix": [
                [
                    0.9998552203178406,
                    0.004978343844413757,
                    -0.016274234279990196,
                    -0.056634336709976196
                ],
                [
                    -0.017018655315041542,
                    0.29248037934303284,
                    -0.9561200737953186,
                    -3.3272979259490967
                ],
                [
                    -4.656612873077393e-10,
                    0.9562585949897766,
                    0.29252275824546814,
                    1.0179792642593384
                ],
                [
                    0.0,
                    0.0,
                    0.0,
                    1.0
                ]
            ]
        },
        {
            "file_path": "train/0002.png",
            "transform_matrix": [
                [
                    -0.968350350856781,
                    0.1876360923051834,
                    0.16459159553050995,
                    0.5727787017822266
                ],
                [
                    0.24959509074687958,
                    0.7279689908027649,
                    0.6385635733604431,
                    2.222201108932495
                ],
                [
                    0.0,
                    0.6594344973564148,
                    -0.7517621517181396,
                    -2.6161320209503174
                ],
                [
                    0.0,
                    0.0,
                    0.0,
                    1.0
                ]
            ]
        },
        {
            "file_path": "train/0003.png",
            "transform_matrix": [
                [
                    0.13558155298233032,
                    -0.9331952333450317,
                    0.33281266689300537,
                    1.1581882238388062
                ],
                [
                    0.9907662272453308,
                    0.1277032494544983,
                    -0.04554380476474762,
                    -0.15849246084690094
                ],
                [
                    3.725290742551124e-09,
                    0.33591440320014954,
                    0.9418924450874329,
                    3.2777860164642334
                ],
                [
                    0.0,
                    0.0,
                    0.0,
                    1.0
                ]
            ]
        },
        {
            "file_path": "train/0004.png",
            "transform_matrix": [
                [
                    -0.5104252696037292,
                    -0.20179635286331177,
                    -0.8359093070030212,
                    -2.908964157104492
                ],
                [
                    -0.8599221110343933,
                    0.11978055536746979,
                    0.4961719512939453,
                    1.7266782522201538
                ],
                [
                    -1.4901159417490817e-08,
                    0.9720755815505981,
                    -0.23466816544532776,
                    -0.8166451454162598
                ],
                [
                    0.0,
                    0.0,
                    0.0,
                    1.0
                ]
            ]
        },
        {
            "file_path": "train/0005.png",
            "transform_matrix": [
                [
                    0.9190518856048584,
                    -0.3245520293712616,
                    0.2236281931400299,
                    0.7782261967658997
                ],
                [
                    0.39413657784461975,
                    0.7567939758300781,
                    -0.521458625793457,
                    -1.814676284790039
                ],
                [
                    -1.4901162970204496e-08,
                    0.5673877596855164,
                    0.8234507441520691,
                    2.8656089305877686
                ],
                [
                    0.0,
                    0.0,
                    0.0,
                    1.0
                ]
            ]
        },
        {
            "file_path": "train/0006.png",
            "transform_matrix": [
                [
                    -0.501018226146698,
                    -0.40556755661964417,
                    0.7645231485366821,
                    2.660540819168091
                ],
                [
                    0.8654367327690125,
                    -0.23479096591472626,
                    0.442597359418869,
                    1.5402389764785767
                ],
                [
                    0.0,
                    0.8833958506584167,
                    0.46862760186195374,
                    1.6308242082595825
                ],
                [
                    0.0,
                    0.0,
                    0.0,
                    1.0
                ]
            ]
        },
        {
            "file_path": "train/0007.png",
            "transform_matrix": [
                [
                    -0.24892765283584595,
                    0.6712208390235901,
                    -0.6982102990150452,
                    -2.429772138595581
                ],
                [
                    -0.9685220718383789,
                    -0.172515869140625,
                    0.17945264279842377,
                    0.624495267868042
                ],
                [
                    -7.450580596923828e-09,
                    0.7209029197692871,
                    0.6930360794067383,
                    2.4117658138275146
                ],
                [
                    0.0,
                    0.0,
                    0.0,
                    1.0
                ]
            ]
        },
        {
            "file_path": "train/0008.png",
            "transform_matrix": [
                [
                    -0.9980671405792236,
                    -0.03183469548821449,
                    0.05337117239832878,
                    0.1857316792011261
                ],
                [
                    0.06214442104101181,
                    -0.5112794041633606,
                    0.8571648001670837,
                    2.982933521270752
                ],
                [
                    1.8626449271863521e-09,
                    0.8588247895240784,
                    0.5122694969177246,
                    1.7826979160308838
                ],
                [
                    0.0,
                    0.0,
                    0.0,
                    1.0
                ]
            ]
        },
        {
            "file_path": "train/0009.png",
            "transform_matrix": [
                [
                    0.12394887208938599,
                    -0.14488467574119568,
                    -0.981654167175293,
                    -3.4161570072174072
                ],
                [
                    -0.9922885894775391,
                    -0.018097853288054466,
                    -0.12262050807476044,
                    -0.42671942710876465
                ],
                [
                    0.0,
                    0.9892829656600952,
                    -0.146010622382164,
                    -0.5081170201301575
                ],
                [
                    0.0,
                    0.0,
                    0.0,
                    1.0
                ]
            ]
        },
        {
            "file_path": "train/0010.png",
            "transform_matrix": [
                [
                    -0.5549371242523193,
                    0.49487677216529846,
                    -0.6686866283416748,
                    -2.3270294666290283
                ],
                [
                    -0.8318923115730286,
                    -0.3301214277744293,
                    0.4460661709308624,
                    1.5523103475570679
                ],
                [
                    0.0,
                    0.8038139343261719,
                    0.5948808193206787,
                    2.0701851844787598
                ],
                [
                    0.0,
                    0.0,
                    0.0,
                    1.0
                ]
            ]
        },
        {
            "file_path": "train/0011.png",
            "transform_matrix": [
                [
                    0.07670837640762329,
                    -0.7640221118927002,
                    0.6406137943267822,
                    2.2293357849121094
                ],
                [
                    0.9970536231994629,
                    0.058780089020729065,
                    -0.049285657703876495,
                    -0.17151407897472382
                ],
                [
                    -3.725290298461914e-09,
                    0.6425068378448486,
                    0.7662799954414368,
                    2.666654109954834
                ],
                [
                    0.0,
                    0.0,
                    0.0,
                    1.0
                ]
            ]
        },
        {
            "file_path": "train/0012.png",
            "transform_matrix": [
                [
                    0.9993970394134521,
                    0.024596070870757103,
                    0.024510057643055916,
                    0.08529499173164368
                ],
                [
                    0.03472333401441574,
                    -0.7079170942306519,
                    -0.7054415345191956,
                    -2.4549362659454346
                ],
                [
                    -1.862645149230957e-09,
                    0.7058671712875366,
                    -0.7083443403244019,
                    -2.4650380611419678
                ],
                [
                    0.0,
                    0.0,
                    0.0,
                    1.0
                ]
            ]
        },
        {
            "file_path": "train/0013.png",
            "transform_matrix": [
                [
                    -0.296646386384964,
                    0.09912341088056564,
                    -0.9498291611671448,
                    -3.305405616760254
                ],
                [
                    -0.9549874067306519,
                    -0.03079056739807129,
                    0.29504409432411194,
                    1.0267534255981445
                ],
                [
                    -1.862645371275562e-09,
                    0.9945986270904541,
                    0.10379552096128464,
                    0.36120840907096863
                ],
                [
                    0.0,
                    0.0,
                    0.0,
                    1.0
                ]
            ]
        },
        {
            "file_path": "train/0014.png",
            "transform_matrix": [
                [
                    0.5647761225700378,
                    0.7964829206466675,
                    -0.2159694880247116,
                    -0.751573920249939
                ],
                [
                    -0.8252441883087158,
                    0.5450926423072815,
                    -0.14780402183532715,
                    -0.5143580436706543
                ],
                [
                    0.0,
                    0.2617036700248718,
                    0.9651481509208679,
                    3.3587160110473633
                ],
                [
                    0.0,
                    0.0,
                    0.0,
                    1.0
                ]
            ]
        },
        {
            "file_path": "train/0015.png",
            "transform_matrix": [
                [
                    0.9833741188049316,
                    -0.0346754714846611,
                    0.1782498061656952,
                    0.6203093528747559
                ],
                [
                    0.18159125745296478,
                    0.18777865171432495,
                    -0.9652791023254395,
                    -3.3591713905334473
                ],
                [
                    0.0,
                    0.9815991520881653,
                    0.19095340371131897,
                    0.664517879486084
                ],
                [
                    0.0,
                    0.0,
                    0.0,
                    1.0
                ]
            ]
        },
        {
            "file_path": "train/0016.png",
            "transform_matrix": [
                [
                    -0.9995946884155273,
                    -0.023688316345214844,
                    0.01579439267516136,
                    0.05496448650956154
                ],
                [
                    0.028471026569604874,
                    -0.8316776156425476,
                    0.5545283555984497,
                    1.9297586679458618
                ],
                [
                    0.0,
                    0.5547532439231873,
                    0.8320149183273315,
                    2.895411968231201
                ],
                [
                    0.0,
                    0.0,
                    0.0,
                    1.0
                ]
            ]
        },
        {
            "file_path": "train/0017.png",
            "transform_matrix": [
                [
                    0.8380317687988281,
                    -0.3623540997505188,
                    0.4079242944717407,
                    1.4195764064788818
                ],
                [
                    0.545621395111084,
                    0.5565475821495056,
                    -0.6265398263931274,
                    -2.180358409881592
                ],
                [
                    0.0,
                    0.7476323843002319,
                    0.6641127467155457,
                    2.31111216545105
                ],
                [
                    0.0,
                    0.0,
                    0.0,
                    1.0
                ]
            ]
        },
        {
            "file_path": "train/0018.png",
            "transform_matrix": [
                [
                    -0.2592984437942505,
                    0.957290768623352,
                    -0.12790162861347198,
                    -0.4450976848602295
                ],
                [
                    -0.9657972455024719,
                    -0.25701460242271423,
                    0.03433918580412865,
                    0.11950036883354187
                ],
                [
                    -3.725290298461914e-09,
                    0.13243073225021362,
                    0.9911922216415405,
                    3.4493489265441895
                ],
                [
                    0.0,
                    0.0,
                    0.0,
                    1.0
                ]
            ]
        },
        {
            "file_path": "train/0019.png",
            "transform_matrix": [
                [
                    0.9696231484413147,
                    0.22629664838314056,
                    -0.0928487628698349,
                    -0.32311373949050903
                ],
                [
                    -0.24460391700267792,
                    0.8970521688461304,
                    -0.3680575489997864,
                    -1.2808403968811035
                ],
                [
                    -7.450581485102248e-09,
                    0.37958824634552,
                    0.9251554608345032,
                    3.219541311264038
                ],
                [
                    0.0,
                    0.0,
                    0.0,
                    1.0
                ]
            ]
        },
        {
            "file_path": "train/0020.png",
            "transform_matrix": [
                [
                    0.93446284532547,
                    -0.23830221593379974,
                    -0.26455846428871155,
                    -0.9206634759902954
                ],
                [
                    -0.35606056451797485,
                    -0.625412106513977,
                    -0.6943202614784241,
                    -2.4162344932556152
                ],
                [
                    -1.4901159417490817e-08,
                    0.7430154085159302,
                    -0.6692743897438049,
                    -2.3290748596191406
                ],
                [
                    0.0,
                    0.0,
                    0.0,
                    1.0
                ]
            ]
        },
        {
            "file_path": "train/0021.png",
            "transform_matrix": [
                [
                    -0.051436521112918854,
                    -0.406635046005249,
                    -0.9121415615081787,
                    -3.17425274848938
                ],
                [
                    -0.9986763000488281,
                    0.020943615585565567,
                    0.04697957634925842,
                    0.16348892450332642
                ],
                [
                    0.0,
                    0.9133506417274475,
                    -0.4071740210056305,
                    -1.4169656038284302
                ],
                [
                    0.0,
                    0.0,
                    0.0,
                    1.0
                ]
            ]
        },
        {
            "file_path": "train/0022.png",
            "transform_matrix": [
                [
                    0.7539232969284058,
                    0.12323316931724548,
                    0.6453009247779846,
                    2.245647430419922
                ],
                [
                    0.6569625735282898,
                    -0.14142106473445892,
                    -0.7405405044555664,
                    -2.5770812034606934
                ],
                [
                    -7.450581485102248e-09,
                    0.9822493195533752,
                    -0.1875801831483841,
                    -0.6527791023254395
                ],
                [
                    0.0,
                    0.0,
                    0.0,
                    1.0
                ]
            ]
        },
        {
            "file_path": "train/0023.png",
            "transform_matrix": [
                [
                    -0.810444712638855,
                    0.32429492473602295,
                    0.48786506056785583,
                    1.6977704763412476
                ],
                [
                    0.5858153104782104,
                    0.4486450254917145,
                    0.6749356985092163,
                    2.348776340484619
                ],
                [
                    -1.4901162970204496e-08,
                    0.8327967524528503,
                    -0.553578794002533,
                    -1.9264541864395142
                ],
                [
                    0.0,
                    0.0,
                    0.0,
                    1.0
                ]
            ]
        },
        {
            "file_path": "train/0024.png",
            "transform_matrix": [
                [
                    0.31351807713508606,
                    0.6686602234840393,
                    -0.6742404103279114,
                    -2.3463563919067383
                ],
                [
                    -0.9495822787284851,
                    0.22076767683029175,
                    -0.22261004149913788,
                    -0.774682879447937
                ],
                [
                    0.0,
                    0.710038959980011,
                    0.7041624784469604,
                    2.4504852294921875
                ],
                [
                    0.0,
                    0.0,
                    0.0,
                    1.0
                ]
            ]
        },
        {
            "file_path": "train/0025.png",
            "transform_matrix": [
                [
                    -0.63516765832901,
                    0.14718860387802124,
                    0.7582200765609741,
                    2.6386055946350098
                ],
                [
                    0.7723742723464966,
                    0.12104161828756332,
                    0.6235278248786926,
                    2.1698765754699707
                ],
                [
                    7.4505797087454084e-09,
                    0.981674313545227,
                    -0.19056643545627594,
                    -0.663171112537384
                ],
                [
                    0.0,
                    0.0,
                    0.0,
                    1.0
                ]
            ]
        },
        {
            "file_path": "train/0026.png",
            "transform_matrix": [
                [
                    -0.7786741852760315,
                    -0.5578303933143616,
                    -0.2872137427330017,
                    -0.9995039105415344
                ],
                [
                    -0.6274284720420837,
                    0.6922990083694458,
                    0.3564484715461731,
                    1.240440845489502
                ],
                [
                    0.0,
                    0.45776331424713135,
                    -0.8890740275382996,
                    -3.093977928161621
                ],
                [
                    0.0,
                    0.0,
                    0.0,
                    1.0
                ]
            ]
        },
        {
            "file_path": "train/0027.png",
            "transform_matrix": [
                [
                    0.9772070646286011,
                    -0.17781779170036316,
                    0.11596260219812393,
                    0.40354982018470764
                ],
                [
                    0.2122887372970581,
                    0.8185305595397949,
                    -0.53379887342453,
                    -1.8576198816299438
                ],
                [
                    0.0,
                    0.5462493896484375,
                    0.8376225829124451,
                    2.914926290512085
                ],
                [
                    0.0,
                    0.0,
                    0.0,
                    1.0
                ]
            ]
        },
        {
            "file_path": "train/0028.png",
            "transform_matrix": [
                [
                    -0.9982768297195435,
                    -0.04866604879498482,
                    0.03278983011841774,
                    0.114108607172966
                ],
                [
                    0.058681830763816833,
                    -0.82789146900177,
                    0.5578102469444275,
                    1.941179633140564
                ],
                [
                    0.0,
                    0.5587731003761292,
                    0.82932049036026,
                    2.886035442352295
                ],
                [
                    0.0,
                    0.0,
                    0.0,
                    1.0
                ]
            ]
        },
        {
            "file_path": "train/0029.png",
            "transform_matrix": [
                [
                    0.4108373820781708,
                    0.773888885974884,
                    -0.48198407888412476,
                    -1.6773046255111694
                ],
                [
                    -0.9117087721824646,
                    0.34873250126838684,
                    -0.21719332039356232,
                    -0.7558327913284302
                ],
                [
                    1.4901162970204496e-08,
                    0.5286601781845093,
                    0.8488335609436035,
                    2.9539408683776855
                ],
                [
                    0.0,
                    0.0,
                    0.0,
                    1.0
                ]
            ]
        },
        {
            "file_path": "train/0030.png",
            "transform_matrix": [
                [
                    -0.9999974966049194,
                    0.001228164415806532,
                    0.0018836234230548143,
                    0.006555009633302689
                ],
                [
                    0.00224864948540926,
                    0.5461772680282593,
                    0.8376666307449341,
                    2.9150798320770264
                ],
                [
                    0.0,
                    0.8376687169075012,
                    -0.5461786389350891,
                    -1.900701642036438
                ],
                [
                    0.0,
                    0.0,
                    0.0,
                    1.0
                ]
            ]
        },
        {
            "file_path": "train/0031.png",
            "transform_matrix": [
                [
                    -0.9997458457946777,
                    0.022519458085298538,
                    -0.0011048458982259035,
                    -0.0038448632694780827
                ],
                [
                    -0.022546544671058655,
                    -0.9985448122024536,
                    0.048990439623594284,
                    0.170486718416214
                ],
                [
                    1.1641532182693481e-10,
                    0.04900185391306877,
                    0.998798668384552,
                    3.4758191108703613
                ],
                [
                    0.0,
                    0.0,
                    0.0,
                    1.0
                ]
            ]
        },
        {
            "file_path": "train/0032.png",
            "transform_matrix": [
                [
                    0.5595388412475586,
                    0.5942631959915161,
                    -0.5777262449264526,
                    -2.0104870796203613
                ],
                [
                    -0.8288041353225708,
                    0.4011964797973633,
                    -0.3900321125984192,
                    -1.3573116064071655
                ],
                [
                    0.0,
                    0.6970599293708801,
                    0.717012882232666,
                    2.4952046871185303
                ],
                [
                    0.0,
                    0.0,
                    0.0,
                    1.0
                ]
            ]
        },
        {
            "file_path": "train/0033.png",
            "transform_matrix": [
                [
                    -0.7442325353622437,
                    -0.6286355257034302,
                    -0.22568859159946442,
                    -0.7853962182998657
                ],
                [
                    -0.6679206490516663,
                    0.7004589438438416,
                    0.25147417187690735,
                    0.8751299977302551
                ],
                [
                    0.0,
                    0.3378973603248596,
                    -0.9411830306053162,
                    -3.2753167152404785
                ],
                [
                    0.0,
                    0.0,
                    0.0,
                    1.0
                ]
            ]
        },
        {
            "file_path": "train/0034.png",
            "transform_matrix": [
                [
                    -0.5557669997215271,
                    -0.12497313320636749,
                    -0.8218909502029419,
                    -2.860180616378784
                ],
                [
                    -0.831338107585907,
                    0.08354716002941132,
                    0.5494513511657715,
                    1.9120906591415405
                ],
                [
                    -7.450580596923828e-09,
                    0.9886362552642822,
                    -0.150327667593956,
                    -0.5231403112411499
                ],
                [
                    0.0,
                    0.0,
                    0.0,
                    1.0
                ]
            ]
        },
        {
            "file_path": "train/0035.png",
            "transform_matrix": [
                [
                    0.027047710493206978,
                    0.7319278717041016,
                    0.6808450222015381,
                    2.369340419769287
                ],
                [
                    0.9996342062950134,
                    -0.0198042169213295,
                    -0.018422037363052368,
                    -0.06410868465900421
                ],
                [
                    0.0,
                    0.681094229221344,
                    -0.7321959137916565,
                    -2.548041582107544
                ],
                [
                    0.0,
                    0.0,
                    0.0,
                    1.0
                ]
            ]
        },
        {
            "file_path": "train/0036.png",
            "transform_matrix": [
                [
                    0.8993699550628662,
                    -0.43103259801864624,
                    -0.0731077492237091,
                    -0.25441497564315796
                ],
                [
                    -0.4371885359287262,
                    -0.8867061138153076,
                    -0.15039487183094025,
                    -0.5233741402626038
                ],
                [
                    7.450580596923828e-09,
                    0.16722238063812256,
                    -0.985919177532196,
                    -3.4309988021850586
                ],
                [
                    0.0,
                    0.0,
                    0.0,
                    1.0
                ]
            ]
        },
        {
            "file_path": "train/0037.png",
            "transform_matrix": [
                [
                    -0.7155871391296387,
                    0.2627337872982025,
                    0.6472294330596924,
                    2.2523586750030518
                ],
                [
                    0.6985234618186951,
                    0.269151896238327,
                    0.663040041923523,
                    2.307379722595215
                ],
                [
                    0.0,
                    0.9265679717063904,
                    -0.37612730264663696,
                    -1.3089231252670288
                ],
                [
                    0.0,
                    0.0,
                    0.0,
                    1.0
                ]
            ]
        },
        {
            "file_path": "train/0038.png",
            "transform_matrix": [
                [
                    0.11184334009885788,
                    0.7344985604286194,
                    0.6693302392959595,
                    2.3292689323425293
                ],
                [
                    0.9937258958816528,
                    -0.08266744017601013,
                    -0.07533277571201324,
                    -0.26215803623199463
                ],
                [
                    3.725290298461914e-09,
                    0.6735560894012451,
                    -0.7391360998153687,
                    -2.5721933841705322
                ],
                [
                    0.0,
                    0.0,
                    0.0,
                    1.0
                ]
            ]
        },
        {
            "file_path": "train/0039.png",
            "transform_matrix": [
                [
                    0.1105019748210907,
                    -0.9231466054916382,
                    0.3682250678539276,
                    1.2814230918884277
                ],
                [
                    0.9938759207725525,
                    0.10263808816671371,
                    -0.04094031825661659,
                    -0.1424722969532013
                ],
                [
                    0.0,
                    0.3704940378665924,
                    0.9288349747657776,
                    3.2323453426361084
                ],
                [
                    0.0,
                    0.0,
                    0.0,
                    1.0
                ]
            ]
        },
        {
            "file_path": "train/0040.png",
            "transform_matrix": [
                [
                    0.6954503059387207,
                    0.26113972067832947,
                    0.6694437265396118,
                    2.3296642303466797
                ],
                [
                    0.7185741662979126,
                    -0.2527361810207367,
                    -0.6479008793830872,
                    -2.254695177078247
                ],
                [
                    0.0,
                    0.9316278696060181,
                    -0.3634136915206909,
                    -1.2646796703338623
                ],
                [
                    0.0,
                    0.0,
                    0.0,
                    1.0
                ]
            ]
        },
        {
            "file_path": "train/0041.png",
            "transform_matrix": [
                [
                    -0.08894407749176025,
                    0.7935192584991455,
                    0.6020100712776184,
                    2.0949952602386475
                ],
                [
                    0.99603670835495,
                    0.07085967808961868,
                    0.05375829339027405,
                    0.18707887828350067
                ],
                [
                    0.0,
                    0.6044056415557861,
                    -0.7966766953468323,
                    -2.772435188293457
                ],
                [
                    0.0,
                    0.0,
                    0.0,
                    1.0
                ]
            ]
        },
        {
            "file_path": "train/0042.png",
            "transform_matrix": [
                [
                    0.09739048779010773,
                    0.8188283443450928,
                    -0.5657166242599487,
                    -1.9686936140060425
                ],
                [
                    -0.9952462315559387,
                    0.08012700080871582,
                    -0.055358581244945526,
                    -0.19264784455299377
                ],
                [
                    0.0,
                    0.5684188008308411,
                    0.8227394819259644,
                    2.863133192062378
                ],
                [
                    0.0,
                    0.0,
                    0.0,
                    1.0
                ]
            ]
        },
        {
            "file_path": "train/0043.png",
            "transform_matrix": [
                [
                    0.3381928503513336,
                    0.7513036727905273,
                    0.5667173266410828,
                    1.9721760749816895
                ],
                [
                    0.9410768151283264,
                    -0.26999443769454956,
                    -0.2036600261926651,
                    -0.7087368369102478
                ],
                [
                    0.0,
                    0.6022008657455444,
                    -0.7983446717262268,
                    -2.7782392501831055
                ],
                [
                    0.0,
                    0.0,
                    0.0,
                    1.0
                ]
            ]
        },
        {
            "file_path": "train/0044.png",
            "transform_matrix": [
                [
                    0.3822341859340668,
                    -0.1729450523853302,
                    -0.9077373743057251,
                    -3.158925771713257
                ],
                [
                    -0.9240655303001404,
                    -0.07153769582509995,
                    -0.37548014521598816,
                    -1.3066707849502563
                ],
                [
                    -7.450580596923828e-09,
                    0.9823300242424011,
                    -0.18715672194957733,
                    -0.6513053178787231
                ],
                [
                    0.0,
                    0.0,
                    0.0,
                    1.0
                ]
            ]
        },
        {
            "file_path": "train/0045.png",
            "transform_matrix": [
                [
                    0.80373215675354,
                    -0.48249921202659607,
                    0.3481511175632477,
                    1.2115657329559326
                ],
                [
                    0.5949913263320923,
                    0.6517744064331055,
                    -0.47029295563697815,
                    -1.6366193294525146
                ],
                [
                    0.0,
                    0.585136353969574,
                    0.8109349608421326,
                    2.8220534324645996
                ],
                [
                    0.0,
                    0.0,
                    0.0,
                    1.0
                ]
            ]
        },
        {
            "file_path": "train/0046.png",
            "transform_matrix": [
                [
                    -0.27074989676475525,
                    -0.9419687986373901,
                    0.1984678953886032,
                    0.6906682252883911
                ],
                [
                    0.9626497030258179,
                    -0.2649332880973816,
                    0.055820055305957794,
                    0.19425377249717712
                ],
                [
                    0.0,
                    0.206168070435524,
                    0.9785165786743164,
                    3.4052374362945557
                ],
                [
                    0.0,
                    0.0,
                    0.0,
                    1.0
                ]
            ]
        },
        {
            "file_path": "train/0047.png",
            "transform_matrix": [
                [
                    -0.9279017448425293,
                    -0.36525964736938477,
                    0.07472514361143112,
                    0.26004350185394287
                ],
                [
                    0.3728249967098236,
                    -0.9090728163719177,
                    0.1859789341688156,
                    0.647206723690033
                ],
                [
                    -7.450581485102248e-09,
                    0.20042940974235535,
                    0.9797080755233765,
                    3.409384250640869
                ],
                [
                    0.0,
                    0.0,
                    0.0,
                    1.0
                ]
            ]
        },
        {
            "file_path": "train/0048.png",
            "transform_matrix": [
                [
                    -0.05616505816578865,
                    -0.1031033918261528,
                    -0.993083655834198,
                    -3.4559311866760254
                ],
                [
                    -0.9984214901924133,
                    0.005799963138997555,
